08 02 22 97 38 15 00 40 00 75 04 05 07 78 52 12 50 77 91 08
49 49 99 40 17 81 18 57 60 87 17 40 98 43 69 48 04 56 62 00
81 49 31 73 55 79 14 29 93 71 40 67 53 88 30 03 49 13 36 65
52 70 95 23 04 60 11 42 69 24 68 56 01 32 56 71 37 02 36 91
22 31 16 71 51 67 63 89 41 92 36 54 22 40 40 28 66 33 13 80
24 47 32 60 99 03 45 02 44 75 33 53 78 36 84 20 35 17 12 50
32 98 81 28 64 23 67 10 26 38 40 67 59 54 70 66 18 38 64 70
67 26 20 68 02 62 12 20 95 63 94 39 63 08 40 91 66 49 94 21
24 55 58 05 66 73 99 26 97 17 78 78 96 83 14 88 34 89 63 72
21 36 23 09 75 00 76 44 20 45 35 14 00 61 33 97 34 31 33 95
78 17 53 28 22 75 31 67 15 94 03 80 04 62 16 14 09 53 56 92
16 39 05 42 96 35 31 47 55 58 88 24 00 17 54 24 36 29 85 57
86 56 00 48 35 71 89 07 05 44 44 37 44 60 21 58 51 54 17 58
19 80 81 68 05 94 47 69 28 73 92 13 86 52 17 77 04 89 55 40
04 52 08 83 97 35 99 16 07 97 57 32 16 26 26 79 33 27 98 66
88 36 68 87 57 62 20 72 03 46 33 67 46 55 12 32 63 93 53 69
04 42 16 73 38 25 39 11 24 94 72 18 08 46 29 32 40 62 76 36
20 69 36 41 72 30 23 88 34 62 99 69 82 67 59 85 74 04 36 16
20 73 35 29 78 31 90 01 74 31 49 71 48 86 81 16 23 57 05 54
01 70 54 71 83 51 54 69 16 92 33 48 61 43 52 01 89 19 67 48

63 72 16 41 17 57 19 45 88 39 38 76 94 00 98 61 19 10 62 89
93 67 73 50 39 30 09 64 97 87 81 93 46 22 95 67 78 47 08 61
90 74 62 50 75 93 38 53 38 62 76 17 48 09 38 39 02 63 69 54
29 69 59 15 73 67 11 82 65 89 06 61 50 60 79 08 22 41 85 67
06 59 85 59 95 28 54 75 83 13 58 11 71 82 38 83 62 63 14 80
46 46 33 46 40 16 95 05 66 10 88 19 60 26 69 35 53 47 12 51
62 94 51 20 90 74 34 80 79 58 42 71 30 61 08 83 00 45 18 87
64 95 21 53 93 22 22 13 83 42 35 00 17 30 21 77 01 55 97 36
86 74 26 32 94 82 67 50 75 20 75 05 70 74 88 82 33 92 50 72
92 06 46 03 99 70 27 60 14 93 64 88 43 06 26 32 82 54 23 51
06 64 52 71 64 72 39 99 83 53 58 65 40 63 42 49 83 59 83 80
30 85 89 84 88 37 94 67 92 89 82 36 89 56 56 59 92 43 09 15
83 30 09 22 13 65 86 13 06 56 50 17 93 57 60 81 59 53 63 99
71 51 09 91 95 94 68 12 00 88 84 85 03 80 86 34 47 04 22 38
68 21 15 85 33 37 16 16 52 80 18 18 73 48 53 26 40 34 45 81
50 64 17 93 02 54 35 40 50 93 80 49 98 19 60 27 19 29 34 16
61 71 28 24 92 50 19 05 42 28 37 49 87 87 18 72 09 29 04 43
70 32 56 02 03 75 71 86 62 96 57 76 40 80 08 13 62 50 91 22
46 91 79 16 09 36 26 42 02 83 04 45 90 08 05 52 71 74 42 46
40 88 63 15 23 94 06 89 03 47 03 14 71 60 99 61 41 35 24 55